intrinsic:
1.05769670e+03 0.00000000e+00 9.35875523e+02
0.00000000e+00 1.05928336e+03 5.14807207e+02
0.00000000e+00 0.00000000e+00 1.00000000e+00
distortion:
-4.02633809e-01 1.80063578e-01 -1.18569765e-03 2.07766556e-04 -3.92166149e-02
