intrinsic:
1.06152203e+03 0.00000000e+00 9.23445570e+02
0.00000000e+00 1.06365634e+03 4.89895954e+02
0.00000000e+00 0.00000000e+00 1.00000000e+00
distortion:
-0.39428685 0.16579594 -0.00154693 0.00113157 -0.03260484