intrinsic:
1.06152203e+03 0.00000000e+00 9.23445570e+02
0.00000000e+00 1.06365634e+03 4.89895954e+02
0.00000000e+00 0.00000000e+00 1.00000000e+00
distortion:
-0.0886681   0.00371924 -0.11013399  0.07893393
