intrinsic:
1.05769670e+03 0.00000000e+00 9.35875523e+02
0.00000000e+00 1.05928336e+03 5.14807207e+02
0.00000000e+00 0.00000000e+00 1.00000000e+00
distortion:
-0.08316627 -0.01301217 -0.11876649  0.10841191
